0.496111 198 23 point 269 1291
0.783492 198 23 point 269 1292
0.812075 198 23 point 269 1293
0.524183 198 23 point 269 1294
0.478606 198 23 point 270 1291
0.771736 198 23 point 270 1292
0.801516 198 23 point 270 1293
0.509026 198 23 point 270 1294
0.472168 198 23 point 271 1291
0.767323 198 23 point 271 1292
0.798486 198 23 point 271 1293
0.504843 198 23 point 271 1294
0.552566 198 23 box 269 1291
0.836153 198 23 box 269 1292
0.814441 198 23 box 269 1293
0.504887 198 23 box 269 1294
0.534672 198 23 box 270 1291
0.824066 198 23 box 270 1292
0.80274 198 23 box 270 1293
0.487752 198 23 box 270 1294
0.529016 198 23 box 271 1291
0.820336 198 23 box 271 1292
0.799652 198 23 box 271 1293
0.483656 198 23 box 271 1294
0.563846 198 23 triangle 269 1291
0.843314 198 23 triangle 269 1292
0.822358 198 23 triangle 269 1293
0.51618 198 23 triangle 269 1294
0.54549 198 23 triangle 270 1291
0.830689 198 23 triangle 270 1292
0.810181 198 23 triangle 270 1293
0.498731 198 23 triangle 270 1294
0.539309 198 23 triangle 271 1291
0.826315 198 23 triangle 271 1292
0.806538 198 23 triangle 271 1293
0.494168 198 23 triangle 271 1294
0.554058 198 23 lanczos 269 1291
0.838688 198 23 lanczos 269 1292
0.813137 198 23 lanczos 269 1293
0.502021 198 23 lanczos 269 1294
0.536449 198 23 lanczos 270 1291
0.82708 198 23 lanczos 270 1292
0.802001 198 23 lanczos 270 1293
0.485373 198 23 lanczos 270 1294
0.530415 198 23 lanczos 271 1291
0.8232 198 23 lanczos 271 1292
0.798948 198 23 lanczos 271 1293
0.481134 198 23 lanczos 271 1294
0.496409 199 23 point 269 1291
0.785096 199 23 point 269 1292
0.813667 199 23 point 269 1293
0.523505 199 23 point 269 1294
0.48417 199 23 point 270 1291
0.778556 199 23 point 270 1292
0.809286 199 23 point 270 1293
0.513823 199 23 point 270 1294
0.484316 199 23 point 271 1291
0.779771 199 23 point 271 1292
0.811202 199 23 point 271 1293
0.515909 199 23 point 271 1294
0.555364 199 23 box 269 1291
0.840362 199 23 box 269 1292
0.818791 199 23 box 269 1293
0.508017 199 23 box 269 1294
0.539827 199 23 box 270 1291
0.830684 199 23 box 270 1292
0.809715 199 23 box 270 1293
0.493415 199 23 box 270 1294
0.540599 199 23 box 271 1291
0.832168 199 23 box 271 1292
0.811633 199 23 box 271 1293
0.495523 199 23 box 271 1294
0.56635 199 23 triangle 269 1291
0.847297 199 23 triangle 269 1292
0.82657 199 23 triangle 269 1293
0.519373 199 23 triangle 269 1294
0.550378 199 23 triangle 270 1291
0.837119 199 23 triangle 270 1292
0.816997 199 23 triangle 270 1293
0.50446 199 23 triangle 270 1294
0.551203 199 23 triangle 271 1291
0.838624 199 23 triangle 271 1292
0.819078 199 23 triangle 271 1293
0.506655 199 23 triangle 271 1294
0.556552 199 23 lanczos 269 1291
0.842719 199 23 lanczos 269 1292
0.817375 199 23 lanczos 269 1293
0.505125 199 23 lanczos 269 1294
0.541063 199 23 lanczos 270 1291
0.833382 199 23 lanczos 270 1292
0.808715 199 23 lanczos 270 1293
0.490727 199 23 lanczos 270 1294
0.542055 199 23 lanczos 271 1291
0.835113 199 23 lanczos 271 1292
0.810987 199 23 lanczos 271 1293
0.493083 199 23 lanczos 271 1294
0.500087 200 23 point 269 1291
0.790879 200 23 point 269 1292
0.820886 200 23 point 269 1293
0.528474 200 23 point 269 1294
0.490919 200 23 point 270 1291
0.786223 200 23 point 270 1292
0.817206 200 23 point 270 1293
0.519643 200 23 point 270 1294
0.499633 200 23 point 271 1291
0.791152 200 23 point 271 1292
0.822631 200 23 point 271 1293
0.529992 200 23 point 271 1294
0.56015 200 23 box 269 1291
0.846957 200 23 box 269 1292
0.825774 200 23 box 269 1293
0.513566 200 23 box 269 1294
0.551697 200 23 box 270 1291
0.843671 200 23 box 270 1292
0.822889 200 23 box 270 1293
0.505986 200 23 box 270 1294
0.558745 200 23 box 271 1291
0.846867 200 23 box 271 1292
0.826884 200 23 box 271 1293
0.514585 200 23 box 271 1294
0.571641 200 23 triangle 269 1291
0.854236 200 23 triangle 269 1292
0.833867 200 23 triangle 269 1293
0.525316 200 23 triangle 269 1294
0.562837 200 23 triangle 270 1291
0.850477 200 23 triangle 270 1292
0.830558 200 23 triangle 270 1293
0.517359 200 23 triangle 270 1294
0.570027 200 23 triangle 271 1291
0.854058 200 23 triangle 271 1292
0.834931 200 23 triangle 271 1293
0.526327 200 23 triangle 271 1294
0.56158 200 23 lanczos 269 1291
0.849622 200 23 lanczos 269 1292
0.824685 200 23 lanczos 269 1293
0.510894 200 23 lanczos 269 1294
0.553524 200 23 lanczos 270 1291
0.846931 200 23 lanczos 270 1292
0.822423 200 23 lanczos 270 1293
0.503658 200 23 lanczos 270 1294
0.56051 200 23 lanczos 271 1291
0.850309 200 23 lanczos 271 1292
0.826636 200 23 lanczos 271 1293
0.512549 200 23 lanczos 271 1294
0.515365 201 23 point 269 1291
0.807007 201 23 point 269 1292
0.837265 201 23 point 269 1293
0.546013 201 23 point 269 1294
0.511857 201 23 point 270 1291
0.804569 201 23 point 270 1292
0.835966 201 23 point 270 1293
0.544395 201 23 point 270 1294
0.510247 201 23 point 271 1291
0.79807 201 23 point 271 1292
0.829787 201 23 point 271 1293
0.544025 201 23 point 271 1294
0.573181 201 23 box 269 1291
0.861427 201 23 box 269 1292
0.840462 201 23 box 269 1293
0.527123 201 23 box 269 1294
0.571775 201 23 box 270 1291
0.86084 201 23 box 270 1292
0.840351 201 23 box 270 1293
0.526663 201 23 box 270 1294
0.568516 201 23 box 271 1291
0.852134 201 23 box 271 1292
0.832434 201 23 box 271 1293
0.525109 201 23 box 271 1294
0.585175 201 23 triangle 269 1291
0.869185 201 23 triangle 269 1292
0.849038 201 23 triangle 269 1293
0.539343 201 23 triangle 269 1294
0.583197 201 23 triangle 270 1291
0.868097 201 23 triangle 270 1292
0.848557 201 23 triangle 270 1293
0.538585 201 23 triangle 270 1294
0.580544 201 23 triangle 271 1291
0.860166 201 23 triangle 271 1292
0.841278 201 23 triangle 271 1293
0.537534 201 23 triangle 271 1294
0.574916 201 23 lanczos 269 1291
0.86475 201 23 lanczos 269 1292
0.840071 201 23 lanczos 269 1293
0.524838 201 23 lanczos 269 1294
0.573473 201 23 lanczos 270 1291
0.864404 201 23 lanczos 270 1292
0.84032 201 23 lanczos 270 1293
0.524621 201 23 lanczos 270 1294
0.570461 201 23 lanczos 271 1291
0.855905 201 23 lanczos 271 1292
0.832557 201 23 lanczos 271 1293
0.523433 201 23 lanczos 271 1294
0.532303 202 23 point 269 1291
0.820271 202 23 point 269 1292
0.851023 202 23 point 269 1293
0.560811 202 23 point 269 1294
0.520163 202 23 point 270 1291
0.807002 202 23 point 270 1292
0.838454 202 23 point 270 1293
0.550055 202 23 point 270 1294
0.506573 202 23 point 271 1291
0.784837 202 23 point 271 1292
0.815276 202 23 point 271 1293
0.536205 202 23 point 271 1294
0.595478 202 23 box 269 1291
0.8825 202 23 box 269 1292
0.861755 202 23 box 269 1293
0.550098 202 23 box 269 1294
0.583563 202 23 box 270 1291
0.869171 202 23 box 270 1292
0.849049 202 23 box 270 1293
0.539387 202 23 box 270 1294
0.564972 202 23 box 271 1291
0.841864 202 23 box 271 1292
0.821932 202 23 box 271 1293
0.521908 202 23 box 271 1294
0.607267 202 23 triangle 269 1291
0.889632 202 23 triangle 269 1292
0.869904 202 23 triangle 269 1293
0.56234 202 23 triangle 269 1294
0.594881 202 23 triangle 270 1291
0.875946 202 23 triangle 270 1292
0.85669 202 23 triangle 270 1293
0.551039 202 23 triangle 270 1294
0.57647 202 23 triangle 271 1291
0.849315 202 23 triangle 271 1292
0.83034 202 23 triangle 271 1293
0.533737 202 23 triangle 271 1294
0.5968 202 23 lanczos 269 1291
0.885358 202 23 lanczos 269 1292
0.861079 202 23 lanczos 269 1293
0.547601 202 23 lanczos 269 1294
0.584693 202 23 lanczos 270 1291
0.871807 202 23 lanczos 270 1292
0.848013 202 23 lanczos 270 1293
0.536673 202 23 lanczos 270 1294
0.565713 202 23 lanczos 271 1291
0.843668 202 23 lanczos 271 1292
0.820166 202 23 lanczos 271 1293
0.519037 202 23 lanczos 271 1294
