0.431501 198 23 box 28 1291
0.77616 198 23 box 28 1292
0.580283 198 23 box 28 1293
0.132651 198 23 box 28 1294
0.433408 198 23 box 29 1291
0.782244 198 23 box 29 1292
0.584545 198 23 box 29 1293
0.131052 198 23 box 29 1294
0.440787 198 23 box 30 1291
0.793732 198 23 box 30 1292
0.593626 198 23 box 30 1293
0.138359 198 23 box 30 1294
0.455624 198 23 box 31 1291
0.811726 198 23 box 31 1292
0.610079 198 23 box 31 1293
0.156864 198 23 box 31 1294
0.45585 198 23 triangle 28 1291
0.793627 198 23 triangle 28 1292
0.583839 198 23 triangle 28 1293
0.141116 198 23 triangle 28 1294
0.459985 198 23 triangle 29 1291
0.801711 198 23 triangle 29 1292
0.590323 198 23 triangle 29 1293
0.141641 198 23 triangle 29 1294
0.467146 198 23 triangle 30 1291
0.812249 198 23 triangle 30 1292
0.599301 198 23 triangle 30 1293
0.14812 198 23 triangle 30 1294
0.483101 198 23 triangle 31 1291
0.830748 198 23 triangle 31 1292
0.616802 198 23 triangle 31 1293
0.166571 198 23 triangle 31 1294
0.430446 198 23 lanczos 28 1291
0.786051 198 23 lanczos 28 1292
0.564264 198 23 lanczos 28 1293
0.110252 198 23 lanczos 28 1294
0.433678 198 23 lanczos 29 1291
0.793775 198 23 lanczos 29 1292
0.570471 198 23 lanczos 29 1293
0.109743 198 23 lanczos 29 1294
0.439972 198 23 lanczos 30 1291
0.803303 198 23 lanczos 30 1292
0.578735 198 23 lanczos 30 1293
0.115595 198 23 lanczos 30 1294
0.454913 198 23 lanczos 31 1291
0.820713 198 23 lanczos 31 1292
0.594833 198 23 lanczos 31 1293
0.133656 198 23 lanczos 31 1294
0.436123 199 23 box 28 1291
0.781647 199 23 box 28 1292
0.58538 199 23 box 28 1293
0.134982 199 23 box 28 1294
0.44484 199 23 box 29 1291
0.796437 199 23 box 29 1292
0.597808 199 23 box 29 1293
0.142169 199 23 box 29 1294
0.456726 199 23 box 30 1291
0.813909 199 23 box 30 1292
0.611817 199 23 box 30 1293
0.155137 199 23 box 30 1294
0.476114 199 23 box 31 1291
0.839475 199 23 box 31 1292
0.633777 199 23 box 31 1293
0.176743 199 23 box 31 1294
0.459046 199 23 triangle 28 1291
0.797702 199 23 triangle 28 1292
0.587871 199 23 triangle 28 1293
0.142799 199 23 triangle 28 1294
0.471631 199 23 triangle 29 1291
0.815266 199 23 triangle 29 1292
0.603573 199 23 triangle 29 1293
0.153088 199 23 triangle 29 1294
0.482487 199 23 triangle 30 1291
0.831284 199 23 triangle 30 1292
0.617249 199 23 triangle 30 1293
0.164656 199 23 triangle 30 1294
0.500357 199 23 triangle 31 1291
0.8543 199 23 triangle 31 1292
0.637811 199 23 triangle 31 1293
0.18344 199 23 triangle 31 1294
0.43361 199 23 lanczos 28 1291
0.790147 199 23 lanczos 28 1292
0.568224 199 23 lanczos 28 1293
0.111767 199 23 lanczos 28 1294
0.444568 199 23 lanczos 29 1291
0.806514 199 23 lanczos 29 1292
0.583137 199 23 lanczos 29 1293
0.12051 199 23 lanczos 29 1294
0.454012 199 23 lanczos 30 1291
0.821313 199 23 lanczos 30 1292
0.595366 199 23 lanczos 30 1293
0.131139 199 23 lanczos 30 1294
0.471835 199 23 lanczos 31 1291
0.844709 199 23 lanczos 31 1292
0.615805 199 23 lanczos 31 1293
0.150746 199 23 lanczos 31 1294
0.446936 200 23 box 28 1291
0.794105 200 23 box 28 1292
0.598218 200 23 box 28 1293
0.146068 200 23 box 28 1294
0.45981 200 23 box 29 1291
0.815414 200 23 box 29 1292
0.615669 200 23 box 29 1293
0.158745 200 23 box 29 1294
0.474444 200 23 box 30 1291
0.840415 200 23 box 30 1292
0.634036 200 23 box 30 1293
0.173997 200 23 box 30 1294
0.490843 200 23 box 31 1291
0.858971 200 23 box 31 1292
0.652197 200 23 box 31 1293
0.190546 200 23 box 31 1294
0.470197 200 23 triangle 28 1291
0.809918 200 23 triangle 28 1292
0.600198 200 23 triangle 28 1293
0.153385 200 23 triangle 28 1294
0.487248 200 23 triangle 29 1291
0.834305 200 23 triangle 29 1292
0.62194 200 23 triangle 29 1293
0.169773 200 23 triangle 29 1294
0.500813 200 23 triangle 30 1291
0.856799 200 23 triangle 30 1292
0.639496 200 23 triangle 30 1293
0.182824 200 23 triangle 30 1294
0.517455 200 23 triangle 31 1291
0.876107 200 23 triangle 31 1292
0.658167 200 23 triangle 31 1293
0.199016 200 23 triangle 31 1294
0.443208 200 23 lanczos 28 1291
0.801601 200 23 lanczos 28 1292
0.579913 200 23 lanczos 28 1293
0.120707 200 23 lanczos 28 1294
0.458323 200 23 lanczos 29 1291
0.82453 200 23 lanczos 29 1292
0.600454 200 23 lanczos 29 1293
0.135279 200 23 lanczos 29 1294
0.47157 200 23 lanczos 30 1291
0.847531 200 23 lanczos 30 1292
0.617671 200 23 lanczos 30 1293
0.149082 200 23 lanczos 30 1294
0.487086 200 23 lanczos 31 1291
0.86525 200 23 lanczos 31 1292
0.635174 200 23 lanczos 31 1293
0.164371 200 23 lanczos 31 1294
0.459748 201 23 box 28 1291
0.809384 201 23 box 28 1292
0.613585 201 23 box 28 1293
0.160094 201 23 box 28 1294
0.478189 201 23 box 29 1291
0.841238 201 23 box 29 1292
0.637371 201 23 box 29 1293
0.177413 201 23 box 29 1294
0.49212 201 23 box 30 1291
0.863407 201 23 box 30 1292
0.65486 201 23 box 30 1293
0.192046 201 23 box 30 1294
0.504844 201 23 box 31 1291
0.876743 201 23 box 31 1292
0.668338 201 23 box 31 1293
0.202474 201 23 box 31 1294
0.485246 201 23 triangle 28 1291
0.828004 201 23 triangle 28 1292
0.618364 201 23 triangle 28 1293
0.169279 201 23 triangle 28 1294
0.506946 201 23 triangle 29 1291
0.861714 201 23 triangle 29 1292
0.645987 201 23 triangle 29 1293
0.189293 201 23 triangle 29 1294
0.520414 201 23 triangle 30 1291
0.88271 201 23 triangle 30 1292
0.663146 201 23 triangle 30 1293
0.201912 201 23 triangle 30 1294
0.53393 201 23 triangle 31 1291
0.896599 201 23 triangle 31 1292
0.676707 201 23 triangle 31 1293
0.212797 201 23 triangle 31 1294
0.456783 201 23 lanczos 28 1291
0.817947 201 23 lanczos 28 1292
0.596785 201 23 lanczos 28 1293
0.135217 201 23 lanczos 28 1294
0.477598 201 23 lanczos 29 1291
0.852371 201 23 lanczos 29 1292
0.624269 201 23 lanczos 29 1293
0.15479 201 23 lanczos 29 1294
0.489547 201 23 lanczos 30 1291
0.872053 201 23 lanczos 30 1292
0.639939 201 23 lanczos 30 1293
0.166542 201 23 lanczos 30 1294
0.5041 201 23 lanczos 31 1291
0.887208 201 23 lanczos 31 1292
0.654335 201 23 lanczos 31 1293
0.178352 201 23 lanczos 31 1294
0.479542 202 23 box 28 1291
0.83819 202 23 box 28 1292
0.638425 202 23 box 28 1293
0.1801 202 23 box 28 1294
0.500837 202 23 box 29 1291
0.872533 202 23 box 29 1292
0.664279 202 23 box 29 1293
0.200374 202 23 box 29 1294
0.509161 202 23 box 30 1291
0.886943 202 23 box 30 1292
0.674943 202 23 box 30 1293
0.206576 202 23 box 30 1294
0.506663 202 23 box 31 1291
0.874573 202 23 box 31 1292
0.669114 202 23 box 31 1293
0.202905 202 23 box 31 1294
0.50456 202 23 triangle 28 1291
0.854542 202 23 triangle 28 1292
0.642374 202 23 triangle 28 1293
0.188589 202 23 triangle 28 1294
0.529463 202 23 triangle 29 1291
0.891898 202 23 triangle 29 1292
0.672927 202 23 triangle 29 1293
0.211516 202 23 triangle 29 1294
0.539448 202 23 triangle 30 1291
0.907189 202 23 triangle 30 1292
0.684869 202 23 triangle 30 1293
0.218456 202 23 triangle 30 1294
0.533942 202 23 triangle 31 1291
0.892694 202 23 triangle 31 1292
0.675301 202 23 triangle 31 1293
0.212522 202 23 triangle 31 1294
0.475944 202 23 lanczos 28 1291
0.845213 202 23 lanczos 28 1292
0.621174 202 23 lanczos 28 1293
0.154745 202 23 lanczos 28 1294
0.498447 202 23 lanczos 29 1291
0.881889 202 23 lanczos 29 1292
0.650205 202 23 lanczos 29 1293
0.17572 202 23 lanczos 29 1294
0.508928 202 23 lanczos 30 1291
0.898296 202 23 lanczos 30 1292
0.6626 202 23 lanczos 30 1293
0.183587 202 23 lanczos 30 1294
0.504947 202 23 lanczos 31 1291
0.883571 202 23 lanczos 31 1292
0.653315 202 23 lanczos 31 1293
0.178443 202 23 lanczos 31 1294
0.502007 203 23 box 28 1291
0.868813 203 23 box 28 1292
0.664444 203 23 box 28 1293
0.202477 203 23 box 28 1294
0.519754 203 23 box 29 1291
0.900804 203 23 box 29 1292
0.687354 203 23 box 29 1293
0.218624 203 23 box 29 1294
0.516689 203 23 box 30 1291
0.892032 203 23 box 30 1292
0.682143 203 23 box 30 1293
0.212917 203 23 box 30 1294
0.483633 203 23 box 31 1291
0.837357 203 23 box 31 1292
0.641636 203 23 box 31 1293
0.182757 203 23 box 31 1294
0.529627 203 23 triangle 28 1291
0.88777 203 23 triangle 28 1292
0.672266 203 23 triangle 28 1293
0.213421 203 23 triangle 28 1294
0.551338 203 23 triangle 29 1291
0.922144 203 23 triangle 29 1292
0.698808 203 23 triangle 29 1293
0.231677 203 23 triangle 29 1294
0.54444 203 23 triangle 30 1291
0.909757 203 23 triangle 30 1292
0.688982 203 23 triangle 30 1293
0.222798 203 23 triangle 30 1294
0.510697 203 23 triangle 31 1291
0.857625 203 23 triangle 31 1292
0.647571 203 23 triangle 31 1293
0.193684 203 23 triangle 31 1294
0.499148 203 23 lanczos 28 1291
0.877387 203 23 lanczos 28 1292
0.64959 203 23 lanczos 28 1293
0.17795 203 23 lanczos 28 1294
0.520225 203 23 lanczos 29 1291
0.914004 203 23 lanczos 29 1292
0.676833 203 23 lanczos 29 1293
0.196095 203 23 lanczos 29 1294
0.515053 203 23 lanczos 30 1291
0.901518 203 23 lanczos 30 1292
0.667255 203 23 lanczos 30 1293
0.188649 203 23 lanczos 30 1294
0.480217 203 23 lanczos 31 1291
0.844204 203 23 lanczos 31 1292
0.622784 203 23 lanczos 31 1293
0.157689 203 23 lanczos 31 1294
